[gd_scene load_steps=14 format=2]

[ext_resource path="res://scripts/Clock.gd" type="Script" id=1]
[ext_resource path="res://scenes/Player.tscn" type="PackedScene" id=2]
[ext_resource path="res://scenes/cammy/TestPlatform.tscn" type="PackedScene" id=3]
[ext_resource path="res://scenes/WorldEnvironment.tscn" type="PackedScene" id=4]
[ext_resource path="res://scenes/ObsidianPlatform.tscn" type="PackedScene" id=5]
[ext_resource path="res://scenes/devnull/ToggleWall.tscn" type="PackedScene" id=6]
[ext_resource path="res://scenes/ColoredGrappleable.tscn" type="PackedScene" id=7]
[ext_resource path="res://scenes/WindowPlatform.tscn" type="PackedScene" id=8]
[ext_resource path="res://scenes/Target.tscn" type="PackedScene" id=9]
[ext_resource path="res://scenes/cammy/StaticGrappleable.tscn" type="PackedScene" id=10]
[ext_resource path="res://scenes/LevelFinish.tscn" type="PackedScene" id=11]
[ext_resource path="res://scenes/devnull/Checkpoint.tscn" type="PackedScene" id=12]
[ext_resource path="res://assets/models/BackgroundSnake.tscn" type="PackedScene" id=13]

[node name="Lvl3" type="Spatial"]

[node name="GlobalClock" type="Timer" parent="."]
process_mode = 0
wait_time = 5.0
autostart = true
script = ExtResource( 1 )

[node name="WorldEnvironment" parent="." instance=ExtResource( 4 )]

[node name="Player" parent="." instance=ExtResource( 2 )]
unique_name_in_owner = true

[node name="Room" type="Spatial" parent="."]

[node name="TestPlatform" parent="Room" instance=ExtResource( 3 )]
transform = Transform( 5, 0, 0, 0, 0.5, 0, 0, 0, 5, 0, -0.5, 0 )

[node name="TestPlatform4" parent="Room" instance=ExtResource( 3 )]
transform = Transform( 3, 0, 0, 0, 0.5, 0, 0, 0, 3, 8.5, 67.5, -30 )

[node name="TestPlatform5" parent="Room" instance=ExtResource( 3 )]
transform = Transform( 3, 0, 0, 0, 0.5, 0, 0, 0, 3, 17.5, 71.25, -39.75 )

[node name="TestPlatform6" parent="Room" instance=ExtResource( 3 )]
transform = Transform( 3, 0, 0, 0, 0.5, 0, 0, 0, 3, 29.5, 71.25, -55 )

[node name="TestPlatform2" parent="Room" instance=ExtResource( 3 )]
transform = Transform( 2, 0, 0, 0, 0.5, 0, 0, 0, 2, -15.75, 10.5, -17.75 )

[node name="Checkpoint" parent="Room" instance=ExtResource( 12 )]
transform = Transform( 1, 0, 0, 0, 1, 0, 0, 0, 1, -4.25, 21.2734, -36.5 )

[node name="TestPlatform3" parent="Room" instance=ExtResource( 3 )]
transform = Transform( 2, 0, 0, 0, 0.5, 0, 0, 0, 2, -4.25, 20.75, -36.5 )

[node name="TestPlatform7" parent="Room" instance=ExtResource( 3 )]
transform = Transform( 2, 0, 0, 0, 0.5, 0, 0, 0, 2, 8.75, 29.75, -29.25 )

[node name="ToggleWall" parent="Room" instance=ExtResource( 6 )]
transform = Transform( 2, 0, 0, 0, 0.6, 0, 0, 0, 2, -3.4969, 2.7455, -9.4857 )
is_red = false

[node name="ToggleWall2" parent="Room" instance=ExtResource( 6 )]
transform = Transform( 2, 0, 0, 0, 0.6, 0, 0, 0, 2, -12.4969, 6.4955, -9.4857 )
is_red = false

[node name="ToggleWall3" parent="Room" instance=ExtResource( 6 )]
transform = Transform( 2, 0, 0, 0, 0.6, 0, 0, 0, 2, -12.4969, 13.7455, -24.7357 )

[node name="ToggleWall4" parent="Room" instance=ExtResource( 6 )]
transform = Transform( 2, 0, 0, 0, 0.6, 0, 0, 0, 2, -12.4969, 17.2455, -34.4857 )

[node name="ToggleWall8" parent="Room" instance=ExtResource( 6 )]
transform = Transform( 2, 0, 0, 0, 0.6, 0, 0, 0, 2, 4.0031, 31.7455, -22.9857 )

[node name="ToggleWall5" parent="Room" instance=ExtResource( 6 )]
transform = Transform( 2, 0, 0, 0, 0.6, 0, 0, 0, 2, 3.0031, 24.2455, -36.7357 )
is_red = false

[node name="ToggleWall6" parent="Room" instance=ExtResource( 6 )]
transform = Transform( 2, 0, 0, 0, 0.6, 0, 0, 0, 2, 9.7531, 26.9955, -36.7357 )
is_red = false

[node name="ToggleWall7" parent="Room" instance=ExtResource( 6 )]
transform = Transform( 2, 0, 0, 0, 0.6, 0, 0, 0, 2, 15.5031, 30.7455, -33.4857 )
is_red = false

[node name="TestGrappleable" parent="Room" instance=ExtResource( 7 )]
transform = Transform( 2, 0, 0, 0, 2, 0, 0, 0, 2, 8.5, 88.25, -28.25 )
is_red = true

[node name="Target" parent="Room" instance=ExtResource( 9 )]
transform = Transform( 0.8, 0, 0, 0, -3.49691e-08, 0.8, 0, -0.8, -3.49691e-08, 7, 68.25, -31.5 )

[node name="Target2" parent="Room" instance=ExtResource( 9 )]
transform = Transform( 0.8, 0, 0, 0, -3.49691e-08, 0.8, 0, -0.8, -3.49691e-08, 7, 68.25, -28.75 )
is_red = false

[node name="Target3" parent="Room" instance=ExtResource( 9 )]
transform = Transform( 0.8, 0, 0, 0, -3.49691e-08, 0.8, 0, -0.8, -3.49691e-08, 10, 68.25, -31.5 )

[node name="Target4" parent="Room" instance=ExtResource( 9 )]
transform = Transform( 0.8, 0, 0, 0, -3.49691e-08, 0.8, 0, -0.8, -3.49691e-08, 10, 68.25, -28.75 )
is_red = false

[node name="Tower1" type="Spatial" parent="."]

[node name="TestPlatform" parent="Tower1" instance=ExtResource( 5 )]
transform = Transform( 10, 0, 0, 0, -2.18557e-08, -15, 0, 0.5, -6.55671e-07, 0.75, 15.25, -12.75 )

[node name="TestPlatform5" parent="Tower1" instance=ExtResource( 5 )]
transform = Transform( 11, 0, 0, 0, -2.18557e-08, -7, 0, 0.5, -3.0598e-07, 0.75, 37.25, -12.75 )

[node name="TestPlatform7" parent="Tower1" instance=ExtResource( 8 )]
transform = Transform( 11, 0, 0, 0, -0.5, 6.11959e-07, 0, -4.37114e-08, -7, 0.750002, 44.75, -6.25 )

[node name="TestPlatform2" parent="Tower1" instance=ExtResource( 5 )]
transform = Transform( 10, 0, 0, 0, -2.18557e-08, -15, 0, 0.5, -6.55671e-07, 0.75, 15.25, -31.75 )

[node name="TestPlatform3" parent="Tower1" instance=ExtResource( 5 )]
transform = Transform( -4.37114e-07, -0.5, 6.55671e-07, 0, -2.18557e-08, -15, 10, -2.18557e-08, 2.86603e-14, -9.75, 15.25, -22.25 )

[node name="TestPlatform4" parent="Tower1" instance=ExtResource( 5 )]
transform = Transform( -4.37114e-07, -0.5, 6.55671e-07, 0, -2.18557e-08, -15, 10, -2.18557e-08, 2.86603e-14, 11.25, 15.25, -22.25 )

[node name="Tower2" type="Spatial" parent="."]

[node name="TestPlatform5" parent="Tower2" instance=ExtResource( 5 )]
transform = Transform( 6.83013, 0.353553, -2.74519, -2.58819, -2.1111e-08, -14.4889, -6.83013, 0.353553, 2.74519, 13.2175, 58.75, -15.5325 )

[node name="TestPlatform6" parent="Tower2" instance=ExtResource( 5 )]
transform = Transform( 6.83013, 0.353553, -2.74519, -2.58819, -2.1111e-08, -14.4889, -6.83013, 0.353553, 2.74519, -0.217513, 58.75, -28.9675 )

[node name="TestPlatform7" parent="Tower2" instance=ExtResource( 5 )]
transform = Transform( 7.07107, -0.341506, -2.74519, 1.13133e-07, 0.12941, -14.4889, 7.07107, 0.341506, 2.74519, -0.671634, 61.4676, -15.0784 )

[node name="TestPlatform8" parent="Tower2" instance=ExtResource( 5 )]
transform = Transform( 7.07107, -0.341506, -2.74519, 1.13133e-07, 0.12941, -14.4889, 7.07107, 0.341506, 2.74519, 13.6716, 56.0324, -29.4216 )

[node name="Tower3" type="Spatial" parent="."]
transform = Transform( 0.547668, -0.0173376, -0.836516, 0.370891, 0.901221, 0.224144, 0.75, -0.433013, 0.5, 4.75, 87.25, -51.25 )

[node name="TestPlatform" parent="Tower3" instance=ExtResource( 5 )]
transform = Transform( 10, 0, 0, 0, -2.18557e-08, -15, 0, 0.5, -6.55671e-07, 0.75, 15.25, -12.75 )

[node name="TestPlatform2" parent="Tower3" instance=ExtResource( 5 )]
transform = Transform( 10, 0, 0, 0, -2.18557e-08, -15, 0, 0.5, -6.55671e-07, 0.75, 15.25, -31.75 )

[node name="TestPlatform3" parent="Tower3" instance=ExtResource( 5 )]
transform = Transform( -4.37114e-07, -0.5, 6.55671e-07, 0, -2.18557e-08, -15, 10, -2.18557e-08, 2.86603e-14, -9.75, 15.25, -22.25 )

[node name="TestPlatform4" parent="Tower3" instance=ExtResource( 5 )]
transform = Transform( -4.37114e-07, -0.5, 6.55671e-07, 0, -2.18557e-08, -15, 10, -2.18557e-08, 2.86603e-14, 11.25, 15.25, -22.25 )

[node name="Room2" type="Spatial" parent="."]
transform = Transform( 1, 0, 0, 0, 1, 0, 0, 0, 1, 19, 86.75, -66.75 )

[node name="TestPlatform" parent="Room2" instance=ExtResource( 8 )]
transform = Transform( 6, 0, 0, 0, 0.5, 0, 0, 0, 8, 12, 13.25, -5.5 )

[node name="TestPlatform2" parent="Room2" instance=ExtResource( 8 )]
transform = Transform( 2.59808, 0, 1.5, 0, 0.5, 0, -1.5, 0, 2.59808, -5.75, 13.25, -9 )

[node name="TestGrappleable2" parent="Room2" instance=ExtResource( 7 )]
transform = Transform( 1, 0, 0, 0, 1, 0, 0, 0, 1, -5.5, 17.75, -9.5 )

[node name="TestPlatform7" parent="Room2" instance=ExtResource( 3 )]
transform = Transform( 4.89022, 0, 3.47645, 0, 0.5, 0, -3.47645, 0, 4.89022, 17.25, 20, -17 )

[node name="LevelFinish" parent="Room2" instance=ExtResource( 11 )]
transform = Transform( 1, 0, 0, 0, 1, 0, 0, 0, 1, 21.6647, 20.5, -17.4064 )

[node name="StaticGrapple" parent="." instance=ExtResource( 10 )]
transform = Transform( 1, 0, 0, 0, 1, 0, 0, 0, 1, 33.2127, 118.75, -83 )

[node name="Background" type="Spatial" parent="."]

[node name="BackgroundSnake10" parent="Background" instance=ExtResource( 13 )]
transform = Transform( 1, 0, 0, 0, 1, 0, 0, 0, 1, -50.5, 0, 432 )

[node name="BackgroundSnake11" parent="Background" instance=ExtResource( 13 )]
transform = Transform( 0.258819, 0, -0.965926, 0.683013, 0.707107, 0.183013, 0.683013, -0.707107, 0.183013, -164, 0, 432 )

[node name="BackgroundSnake12" parent="Background" instance=ExtResource( 13 )]
transform = Transform( 0.836516, 0.5, 0.224144, 0.482963, -0.866025, 0.129409, 0.258819, 3.09086e-08, -0.965926, -260.75, 32.75, 259.5 )

[node name="BackgroundSnake13" parent="Background" instance=ExtResource( 13 )]
transform = Transform( 0.408494, 0.353553, 0.841506, 0.889174, -0.362372, -0.279385, 0.206161, 0.862372, -0.462397, -260.75, -84, 162.5 )

[node name="BackgroundSnake14" parent="Background" instance=ExtResource( 13 )]
transform = Transform( 0.0257059, -0.57006, 0.821201, -0.456847, -0.737372, -0.497567, 0.889174, -0.362372, -0.279385, -227, 37, 19 )

[node name="BackgroundSnake15" parent="Background" instance=ExtResource( 13 )]
transform = Transform( -0.167479, -0.16686, -0.971652, -0.977117, 0.159179, 0.141085, 0.131125, 0.973047, -0.189701, -309.75, 9.75, -138.5 )

[node name="BackgroundSnake16" parent="Background" instance=ExtResource( 13 )]
transform = Transform( -0.977117, 0.159179, 0.141085, 0.167479, 0.16686, 0.971652, 0.131125, 0.973047, -0.189701, -219.25, -23.75, -249.75 )

[node name="BackgroundSnake17" parent="Background" instance=ExtResource( 13 )]
transform = Transform( -0.541585, -0.499471, 0.676177, 0.797392, -0.559914, 0.225081, 0.26618, 0.661078, 0.701515, -108.25, -6.75, -290 )

[node name="BackgroundSnake18" parent="Background" instance=ExtResource( 13 )]
transform = Transform( 0.630049, -0.670108, 0.392419, 0.729511, 0.337535, -0.594881, 0.26618, 0.661078, 0.701515, -56.75, -156.25, -396 )

[node name="BackgroundSnake19" parent="Background" instance=ExtResource( 13 )]
transform = Transform( -0.095329, -0.914262, 0.393748, 0.134237, -0.403743, -0.904971, 0.986353, -0.0334144, 0.161216, 93.5, -109.25, -434 )

[node name="BackgroundSnake20" parent="Background" instance=ExtResource( 13 )]
transform = Transform( -0.764865, -0.622853, 0.164425, 0.134237, -0.403743, -0.904971, 0.630049, -0.670108, 0.392419, 274.25, -109.25, -249.25 )

[node name="BackgroundSnake21" parent="Background" instance=ExtResource( 13 )]
transform = Transform( -0.3051, -0.0835353, -0.948649, -0.428591, 0.901606, 0.0584488, 0.850425, 0.424415, -0.310883, 179.75, -40.25, -168 )

[node name="BackgroundSnake22" parent="Background" instance=ExtResource( 13 )]
transform = Transform( 0.742482, 0.388333, -0.545818, -0.514811, -0.190536, -0.835862, -0.428591, 0.901606, 0.0584487, 179.75, -40.25, 12.5 )

[node name="BackgroundSnake23" parent="Background" instance=ExtResource( 13 )]
transform = Transform( 0.568124, 0.820664, 0.0612038, -0.667086, 0.502803, -0.549715, -0.481904, 0.271478, 0.833107, 179.75, -40.25, 195.5 )

[node name="BackgroundSnake24" parent="Background" instance=ExtResource( 13 )]
transform = Transform( 0.66039, 0.560865, 0.499314, -0.750884, 0.486508, 0.446635, 0.00758162, -0.669881, 0.74243, 134.75, 12.75, 343.25 )

[node name="BackgroundSnake25" parent="Background" instance=ExtResource( 13 )]
transform = Transform( 0.00758158, -0.669881, 0.74243, 0.196473, 0.728978, 0.655736, -0.98048, 0.140896, 0.13714, 221.25, -20.75, 453.5 )

[connection signal="timeout" from="GlobalClock" to="GlobalClock" method="_on_Timer_timeout"]
